algorithm:
  clip_range: 0.2
  demand_lambda: 1.0
  entropy_lambda: 0.010071090711145904
  feasibility_lambda: 0.2828168389831236
  gae_lambda: 0.95
  gamma: 0.99
  lagrangian_multiplier_0: 0.01004135121724214
  lagrangian_multiplier_1: 0.17068141273219165
  lagrangian_multiplier_10: 0.05846234430556403
  lagrangian_multiplier_11: 0.022377473395992605
  lagrangian_multiplier_12: 0.20480505600409815
  lagrangian_multiplier_13: 0.01263633446678068
  lagrangian_multiplier_14: 0.04471778187183941
  lagrangian_multiplier_15: 0.4481668511384664
  lagrangian_multiplier_16: 0.5563203966432528
  lagrangian_multiplier_17: 0.11273413797148404
  lagrangian_multiplier_18: 0.15989918176487702
  lagrangian_multiplier_19: 0.019527617964973622
  lagrangian_multiplier_2: 0.4031386064325226
  lagrangian_multiplier_20: 0.14565518059318375
  lagrangian_multiplier_21: 0.053939724040453
  lagrangian_multiplier_22: 0.5160806300104438
  lagrangian_multiplier_23: 0.130738843600731
  lagrangian_multiplier_24: 0.09067835169592746
  lagrangian_multiplier_3: 0.2427814580936452
  lagrangian_multiplier_4: 0.01220498918584718
  lagrangian_multiplier_5: 0.06614613839922676
  lagrangian_multiplier_6: 0.01486032568765
  lagrangian_multiplier_7: 0.05734515018894324
  lagrangian_multiplier_8: 0.01970586306626118
  lagrangian_multiplier_9: 0.07308019457082207
  max_grad_norm: 0.5
  mini_batch_size: 0.5
  ppo_epochs: 5
  primal_dual: false
  stability_lambda: 1.0
  tau: 0.005
  type: sac
  vf_lambda: 0.5
env:
  CI_target: 1.25
  LCG_target: 0.95
  TEU: 1000
  VCG_target: 1.05
  bays: 10
  block_stowage_mask: true
  blocks: 1
  capacity:
  - 50
  cargo_classes: 6
  customer_classes: 2
  cv_demand: 0.5
  decks: 2
  demand_perturbation: 0.2
  demand_sparsity: 0.0
  dirichlet_alpha: 0.3
  distribution: lognormal
  duration_variable_revenue: false
  env_name: mpp
  episode_order: standard
  generalization: false
  hatch_overstowage_costs: 0.333333
  hatch_overstowage_mask: false
  iid_demand: true
  include_reefers: false
  limit_revenue: true
  loading_discharge_region: false
  long_crane_costs: 0.5
  n_action: 20
  n_constraints: 25
  normalize_obs: true
  ports: 4
  seed: 42
  spot_percentage: 0.3
  stability_difference: 0.1
  training:
    projection_kwargs:
      n_action: 20
      n_constraints: 25
  use_dirichlet_partition: false
  utilization_rate_initial_demand: 1.1
  weight_classes: 3
model:
  batch_size: 64
  critic_temperature: 1.0
  decoder_type: attention
  dropout_rate: 0.008972135903337364
  dyn_embed: self_attention
  embed_dim: 128
  encoder_type: attention
  hidden_dim: 512
  init_dim: 8
  logger: wandb
  lr_end_factor: 0.5
  normalization: layer
  num_decoder_layers: 4
  num_encoder_layers: 3
  num_heads: 8
  phase: train
  scale_max: 9.46
  tanh_clipping: 0
  tanh_squashing: false
  temperature: 0.11243639449117128
  use_mask_head: false
  use_preload_mask: false
testing:
  feasibility_recovery: false
  folder: sac-pen
  num_episodes: 30
  path: results/trained_models/navigating_uncertainty
training:
  lr: 0.00038104399895692
  optimizer: Adam
  pd_lr: 3.469071457980349e-05
  priority_alpha: 0.5
  projection_kwargs:
    alpha: 0.01
    delta: 0.01
    max_iter: 300
    n_action: 20
    n_constraints: 25
    scale: 0.00025463040788043916
    slack_penalty: 10000
    use_early_stopping: true
  projection_type: None
  test_data_size: 5000
  top_k: 0.2
  train_data_size: 7200000
  val_data_size: 5000
  validation_freq: 0.2
  validation_patience: 2
wandb_version: 1
